#title: Spectral profile - NGC_1052_SPW0.image-raster
#region (world): Point[[02:41:04.798, -08d15m20.751]]
#region (pixel): Point[[256, 256]]
#coordinate: world
#xLabel: radio velocity [km/s]
#yLabel: [Jy/beam] Mean
# NGC_1052_SPW0.image-raster
2.257507812500e+03 4.423836171627e-01
2.244294921875e+03 4.424430727959e-01
2.231082031250e+03 4.426250457764e-01
2.217869140625e+03 4.431848526001e-01
2.204656250000e+03 4.439434707165e-01
2.191443359375e+03 4.430879354477e-01
2.178230468750e+03 4.423733353615e-01
2.165017578125e+03 4.421418905258e-01
2.151804687500e+03 4.426048099995e-01
2.138591796875e+03 4.426738917828e-01
2.125378906250e+03 4.423276185989e-01
2.112166015625e+03 4.431139528751e-01
2.098953125000e+03 4.433935880661e-01
2.085740234375e+03 4.425530135632e-01
2.072527343750e+03 4.423584938049e-01
2.059314453125e+03 4.427308142185e-01
2.046101562500e+03 4.427122771740e-01
2.032888671875e+03 4.422599673271e-01
2.019675781250e+03 4.412506520748e-01
2.006462890625e+03 4.405453205109e-01
1.993250000000e+03 4.408896565437e-01
1.980037109375e+03 4.410851299763e-01
1.966824218750e+03 4.407696127892e-01
1.953611328125e+03 4.408721029758e-01
1.940398437500e+03 4.410819709301e-01
1.927185546875e+03 4.417010545731e-01
1.913972656250e+03 4.429040253162e-01
1.900759765625e+03 4.429944753647e-01
1.887546875000e+03 4.418249130249e-01
1.874333984375e+03 4.407764077187e-01
1.861121093750e+03 4.389438927174e-01
1.847908203125e+03 4.379102885723e-01
1.834695312500e+03 4.385049343109e-01
1.821482421875e+03 4.393346309662e-01
1.808269531250e+03 4.397447407246e-01
1.795056640625e+03 4.398636221886e-01
1.781843750000e+03 4.398137331009e-01
1.768630859375e+03 4.394529163837e-01
1.755417968750e+03 4.392153918743e-01
1.742205078125e+03 4.393142461777e-01
1.728992187500e+03 4.390204548836e-01
1.715779296875e+03 4.377162754536e-01
1.702566406250e+03 4.370732009411e-01
1.689353515625e+03 4.366528093815e-01
1.676140625000e+03 4.352654814720e-01
1.662927734375e+03 4.334575235844e-01
1.649714843750e+03 4.313004016876e-01
1.636501953125e+03 4.283106625080e-01
1.623289062500e+03 4.244414865971e-01
1.610076171875e+03 4.208511114120e-01
1.596863281250e+03 4.155910909176e-01
1.583650390625e+03 4.081470668316e-01
1.570437500000e+03 4.016177356243e-01
1.557224609375e+03 3.964443802834e-01
1.544011718750e+03 3.908723294735e-01
1.530798828125e+03 3.851568698883e-01
1.517585937500e+03 3.814474046230e-01
1.504373046875e+03 3.799549639225e-01
1.491160156250e+03 3.798699080944e-01
1.477947265625e+03 3.820475637913e-01
1.464734375000e+03 3.875996768475e-01
1.451521484375e+03 3.948069512844e-01
1.438308593750e+03 4.024795591831e-01
1.425095703125e+03 4.111989140511e-01
1.411882812500e+03 4.191800057888e-01
1.398669799805e+03 4.250559508801e-01
1.385456909180e+03 4.294487535954e-01
1.372244018555e+03 4.328868687153e-01
1.359031127930e+03 4.345136284828e-01
1.345818237305e+03 4.354206025600e-01
1.332605346680e+03 4.368330538273e-01
1.319392456055e+03 4.376697242260e-01
1.306179565430e+03 4.378066360950e-01
1.292966674805e+03 4.385580718517e-01
1.279753784180e+03 4.389193654060e-01
1.266540893555e+03 4.389484524727e-01
1.253328002930e+03 4.391918778419e-01
1.240115112305e+03 4.388740062714e-01
1.226902221680e+03 4.389794468880e-01
1.213689331055e+03 4.394592940807e-01
1.200476440430e+03 4.397036135197e-01
1.187263549805e+03 4.398233592510e-01
1.174050659180e+03 4.406230151653e-01
1.160837768555e+03 4.416683316231e-01
1.147624877930e+03 4.421864151955e-01
1.134411987305e+03 4.422533512115e-01
1.121199096680e+03 4.421896338463e-01
1.107986206055e+03 4.416892826557e-01
1.094773315430e+03 4.409629702568e-01
1.081560424805e+03 4.405424296856e-01
1.068347534180e+03 4.407407641411e-01
1.055134643555e+03 4.412645101547e-01
1.041921752930e+03 4.410094320774e-01
1.028708862305e+03 4.408511519432e-01
1.015495971680e+03 4.404367804527e-01
1.002283081055e+03 4.391958415508e-01
9.890701904297e+02 4.394876062870e-01
9.758572998047e+02 4.406209588051e-01
9.626444091797e+02 4.412128925323e-01
9.494315185547e+02 4.422270655632e-01
9.362186279297e+02 4.430877864361e-01
9.230057373047e+02 4.431553781033e-01
9.097928466797e+02 4.422807693481e-01
8.965799560547e+02 4.416135549545e-01
8.833670654297e+02 4.420835375786e-01
8.701541748047e+02 4.422529637814e-01
8.569412841797e+02 4.420218169689e-01
8.437283935547e+02 4.423406124115e-01
8.305155029297e+02 4.424167573452e-01
8.173026123047e+02 4.424279332161e-01
8.040897216797e+02 4.429399073124e-01
7.908768310547e+02 4.425677955151e-01
7.776639404297e+02 4.418298900127e-01
7.644510498047e+02 4.420863687992e-01
7.512381591797e+02 4.425524175167e-01
7.380252075195e+02 4.419815242290e-01
7.248123168945e+02 4.410374462605e-01
7.115994262695e+02 4.404368996620e-01
6.983865356445e+02 4.398345053196e-01
6.851736450195e+02 4.405959546566e-01
6.719607543945e+02 4.419102668762e-01
6.587478637695e+02 4.408554732800e-01
