#title: Spectral profile - J0241-0815.ContLine.SPW2.clean.image-raster
#region (world): Point[[02:41:04.798, -08d15m20.751]]
#region (pixel): Point[[64, 64]]
#coordinate: world
#xLabel: frequency [GHz]
#yLabel: [Jy/beam] Mean

# J0241-0815.ContLine.SPW2.clean.image-raster
3.174808654785e+02 3.966421186924e-01
3.174886779785e+02 3.862890601158e-01
3.174964904785e+02 3.803853988647e-01
3.175043029785e+02 3.863828778267e-01
3.175121154785e+02 3.840537071228e-01
3.175199279785e+02 3.818691968918e-01
3.175277404785e+02 3.841361999512e-01
3.175355529785e+02 3.818188011646e-01
3.175433654785e+02 3.862342536449e-01
3.175511779785e+02 3.802801668644e-01
3.175589904785e+02 3.824660480022e-01
3.175668029785e+02 3.844559192657e-01
3.175746154785e+02 3.804503977299e-01
3.175824279785e+02 3.799652159214e-01
3.175902404785e+02 3.863681256771e-01
3.175980529785e+02 3.836753964424e-01
3.176058654785e+02 3.791194260120e-01
3.176136779785e+02 3.825733065605e-01
3.176214904785e+02 3.830889761448e-01
3.176293029785e+02 3.794374465942e-01
3.176371154785e+02 3.840836584568e-01
3.176449279785e+02 3.798958957195e-01
3.176527404785e+02 3.792689740658e-01
3.176605529785e+02 3.813400268555e-01
3.176683654785e+02 3.858338296413e-01
3.176761779785e+02 3.791863620281e-01
3.176839904785e+02 3.853326439857e-01
3.176918029785e+02 3.769262135029e-01
3.176996459961e+02 3.772942125797e-01
3.177074584961e+02 3.794036507607e-01
3.177152709961e+02 3.757107555866e-01
3.177230834961e+02 3.716895878315e-01
3.177308959961e+02 3.773173689842e-01
3.177387084961e+02 3.803362846375e-01
3.177465209961e+02 3.799289166927e-01
3.177543334961e+02 3.753649294376e-01
3.177621459961e+02 3.796809315681e-01
3.177699584961e+02 3.831865787506e-01
3.177777709961e+02 3.808749616146e-01
3.177855834961e+02 3.796499073505e-01
3.177933959961e+02 3.812187016010e-01
3.178012084961e+02 3.849567770958e-01
3.178090209961e+02 3.798534870148e-01
3.178168334961e+02 3.788455724716e-01
3.178246459961e+02 3.780745565891e-01
3.178324584961e+02 3.831084668636e-01
3.178402709961e+02 3.759363591671e-01
3.178480834961e+02 3.751645088196e-01
3.178558959961e+02 3.855873346329e-01
3.178637084961e+02 3.771830499172e-01
3.178715209961e+02 3.802315890789e-01
3.178793334961e+02 3.828499019146e-01
3.178871459961e+02 3.793160021305e-01
3.178949584961e+02 3.810406625271e-01
3.179027709961e+02 3.827791512012e-01
3.179105834961e+02 3.779315650463e-01
3.179183959961e+02 3.772125542164e-01
3.179262084961e+02 3.787859678268e-01
3.179340209961e+02 3.802506923676e-01
3.179418334961e+02 3.850608170033e-01
3.179496459961e+02 3.811801671982e-01
3.179574584961e+02 3.777129054070e-01
3.179652709961e+02 3.853900730610e-01
3.179730834961e+02 3.833272457123e-01
3.179808959961e+02 3.814026117325e-01
3.179887084961e+02 3.804346323013e-01
3.179965209961e+02 3.817593157291e-01
3.180043334961e+02 3.796720504761e-01
3.180121459961e+02 3.878113329411e-01
3.180199584961e+02 3.810159265995e-01
3.180277709961e+02 3.797142505646e-01
3.180355834961e+02 3.829082250595e-01
3.180433959961e+02 3.830652534962e-01
3.180512084961e+02 3.823753595352e-01
3.180590209961e+02 3.832497596741e-01
3.180668334961e+02 3.833640217781e-01
3.180746459961e+02 3.762958049774e-01
3.180824584961e+02 3.795461952686e-01
3.180902709961e+02 3.791786134243e-01
3.180980834961e+02 3.762839734554e-01
3.181058959961e+02 3.771233260632e-01
3.181137084961e+02 3.765401840210e-01
3.181215209961e+02 3.773319423199e-01
3.181293334961e+02 3.824902176857e-01
3.181371459961e+02 3.793996870518e-01
3.181449584961e+02 3.785037696362e-01
3.181527709961e+02 3.819609582424e-01
3.181605834961e+02 3.811175823212e-01
3.181683959961e+02 3.845611810684e-01
3.181762084961e+02 3.827185928822e-01
3.181840209961e+02 3.838809132576e-01
3.181918334961e+02 3.816745877266e-01
3.181996459961e+02 3.906171023846e-01
3.182074584961e+02 3.740047514439e-01
3.182152709961e+02 3.806317150593e-01
3.182230834961e+02 3.862931132317e-01
3.182308959961e+02 3.795187175274e-01
3.182387084961e+02 3.790007829666e-01
3.182465209961e+02 3.822770118713e-01
3.182543334961e+02 3.787770569324e-01
3.182621459961e+02 3.786347210407e-01
3.182699584961e+02 3.819131851196e-01
3.182777709961e+02 3.798084259033e-01
3.182855834961e+02 3.759155571461e-01
3.182933959961e+02 3.772362470627e-01
3.183012084961e+02 3.746471405029e-01
3.183090209961e+02 3.809114098549e-01
3.183168334961e+02 3.810830712318e-01
3.183246459961e+02 3.773200809956e-01
3.183324584961e+02 3.866272270679e-01
3.183402709961e+02 3.826762437820e-01
3.183480834961e+02 3.817905187607e-01
3.183558959961e+02 3.807219564915e-01
3.183637084961e+02 3.802016675472e-01
3.183715209961e+02 3.811046481133e-01
3.183793334961e+02 3.768309652805e-01
3.183871459961e+02 3.816630542278e-01
3.183949584961e+02 3.791686296463e-01
3.184027709961e+02 3.832238912582e-01
3.184105834961e+02 3.890554904938e-01
3.184183959961e+02 3.853142559528e-01
3.184262084961e+02 3.831711411476e-01
3.184340209961e+02 3.829840123653e-01
3.184418334961e+02 3.849331736565e-01
3.184496459961e+02 3.760311901569e-01
3.184574584961e+02 3.787920773029e-01
3.184652709961e+02 3.791359663010e-01
3.184730834961e+02 3.808069229126e-01
3.184808959961e+02 3.839530944824e-01
3.184887084961e+02 3.748116493225e-01
3.184965209961e+02 3.801097869873e-01
3.185043334961e+02 3.880001008511e-01
3.185121459961e+02 3.841267526150e-01
3.185199584961e+02 3.811947405338e-01
3.185277709961e+02 3.835804462433e-01
3.185355834961e+02 3.867749571800e-01
3.185433959961e+02 3.860004246235e-01
3.185512084961e+02 3.801291882992e-01
3.185590209961e+02 3.872618973255e-01
3.185668334961e+02 3.855067491531e-01
3.185746459961e+02 3.772612810135e-01
3.185824584961e+02 3.814786970615e-01
3.185902709961e+02 3.822783231735e-01
3.185980834961e+02 3.881931304932e-01
3.186058959961e+02 3.809812366962e-01
3.186137084961e+02 3.767306804657e-01
3.186215209961e+02 3.854493498802e-01
3.186293334961e+02 3.807011544704e-01
3.186371459961e+02 3.817811608315e-01
3.186449584961e+02 3.791995346546e-01
3.186527709961e+02 3.821884691715e-01
3.186605834961e+02 3.725274503231e-01
3.186683959961e+02 3.808870315552e-01
3.186762084961e+02 3.834902644157e-01
3.186840209961e+02 3.781289160252e-01
3.186918334961e+02 3.778381049633e-01
3.186996459961e+02 3.777612745762e-01
3.187074584961e+02 3.830497562885e-01
3.187152709961e+02 3.839215040207e-01
3.187230834961e+02 3.801242411137e-01
3.187308959961e+02 3.835998177528e-01
3.187387084961e+02 3.804735839367e-01
3.187465209961e+02 3.815830349922e-01
3.187543334961e+02 3.767606914043e-01
3.187621459961e+02 3.837281167507e-01
3.187699584961e+02 3.708344101906e-01
3.187777709961e+02 3.783576190472e-01
3.187855834961e+02 3.852805197239e-01
3.187933959961e+02 3.814775943756e-01
3.188012084961e+02 3.810302317142e-01
3.188090209961e+02 3.781522512436e-01
3.188168334961e+02 3.803394734859e-01
3.188246459961e+02 3.801493942738e-01
3.188324584961e+02 3.824498951435e-01
3.188402709961e+02 3.804333806038e-01
3.188480834961e+02 3.851217031479e-01
3.188558959961e+02 3.815156817436e-01
3.188637084961e+02 3.814502954483e-01
3.188715209961e+02 3.824700117111e-01
3.188793334961e+02 3.771866261959e-01
3.188871459961e+02 3.875257670879e-01
3.188949584961e+02 3.817416429520e-01
3.189027709961e+02 3.830970823765e-01
3.189105834961e+02 3.755188286304e-01
3.189183959961e+02 3.781745433807e-01
3.189262084961e+02 3.815231621265e-01
3.189340209961e+02 3.793826401234e-01
3.189418334961e+02 3.844367861748e-01
3.189496459961e+02 3.832376897335e-01
3.189574584961e+02 3.767961263657e-01
3.189652709961e+02 3.740502595901e-01
3.189730834961e+02 3.820371031761e-01
3.189808959961e+02 3.813830018044e-01
3.189887084961e+02 3.852091431618e-01
3.189965209961e+02 3.682456612587e-01
3.190043334961e+02 3.798271119595e-01
3.190121459961e+02 3.870077431202e-01
3.190199584961e+02 3.808638751507e-01
3.190277709961e+02 3.797399401665e-01
3.190355834961e+02 3.803838789463e-01
3.190433959961e+02 3.829425573349e-01
3.190512084961e+02 3.785918951035e-01
3.190590209961e+02 3.751537799835e-01
3.190668334961e+02 3.772605061531e-01
3.190746459961e+02 3.892554342747e-01
3.190824584961e+02 3.809325397015e-01
3.190902709961e+02 3.758276104927e-01
3.190980834961e+02 3.783012628555e-01
3.191058959961e+02 3.740990161896e-01
3.191137084961e+02 3.744212090969e-01
3.191215209961e+02 3.756697475910e-01
3.191293334961e+02 3.876793682575e-01
3.191371459961e+02 3.754086196423e-01
3.191449584961e+02 3.803720176220e-01
3.191527709961e+02 3.808529376984e-01
3.191605834961e+02 3.804354071617e-01
3.191683959961e+02 3.834173977375e-01
3.191762084961e+02 3.753630816936e-01
3.191840209961e+02 3.791705071926e-01
3.191918334961e+02 3.820632398129e-01
3.191996459961e+02 3.753887414932e-01
3.192074584961e+02 3.693156838417e-01
3.192152709961e+02 3.776771426201e-01
3.192230834961e+02 3.785231113434e-01
3.192308959961e+02 3.817072212696e-01
3.192387084961e+02 3.823557198048e-01
3.192465209961e+02 3.840802609921e-01
3.192543334961e+02 3.799887895584e-01
3.192621459961e+02 3.844273984432e-01
3.192699584961e+02 3.806942999363e-01
3.192777709961e+02 3.833163380623e-01
3.192855834961e+02 3.796760141850e-01
3.192933959961e+02 3.824181258678e-01
3.193012084961e+02 3.834454119205e-01
3.193090209961e+02 3.805701136589e-01
3.193168334961e+02 3.829784691334e-01
3.193246459961e+02 3.768082857132e-01
3.193324584961e+02 3.751521110535e-01
3.193402709961e+02 3.742920458317e-01
3.193480834961e+02 3.782013058662e-01
