#title: Spectral profile - J0241-0815.ContLine.SPW2.clean.image-raster
#region (world): Point[[02:41:04.798, -08d15m20.751]]
#region (pixel): Point[[64, 64]]
#coordinate: world
#xLabel: radio velocity [km/s]
#yLabel: [Jy/beam] Mean

# J0241-0815.ContLine.SPW2.clean.image-raster
3.494933593750e+03 3.966421186924e-01
3.487642333984e+03 3.862890601158e-01
3.480350830078e+03 3.803853988647e-01
3.473059570312e+03 3.863828778267e-01
3.465768310547e+03 3.840537071228e-01
3.458476806641e+03 3.818691968918e-01
3.451185546875e+03 3.841361999512e-01
3.443894287109e+03 3.818188011646e-01
3.436602783203e+03 3.862342536449e-01
3.429311523438e+03 3.802801668644e-01
3.422020263672e+03 3.824660480022e-01
3.414728759766e+03 3.844559192657e-01
3.407437500000e+03 3.804503977299e-01
3.400146240234e+03 3.799652159214e-01
3.392854736328e+03 3.863681256771e-01
3.385563476562e+03 3.836753964424e-01
3.378272216797e+03 3.791194260120e-01
3.370980712891e+03 3.825733065605e-01
3.363689453125e+03 3.830889761448e-01
3.356398193359e+03 3.794374465942e-01
3.349106689453e+03 3.840836584568e-01
3.341815429688e+03 3.798958957195e-01
3.334524169922e+03 3.792689740658e-01
3.327232666016e+03 3.813400268555e-01
3.319941406250e+03 3.858338296413e-01
3.312650146484e+03 3.791863620281e-01
3.305358642578e+03 3.853326439857e-01
3.298067382812e+03 3.769262135029e-01
3.290776123047e+03 3.772942125797e-01
3.283484619141e+03 3.794036507607e-01
3.276193359375e+03 3.757107555866e-01
3.268902099609e+03 3.716895878315e-01
3.261610595703e+03 3.773173689842e-01
3.254319335938e+03 3.803362846375e-01
3.247028076172e+03 3.799289166927e-01
3.239736572266e+03 3.753649294376e-01
3.232445312500e+03 3.796809315681e-01
3.225154052734e+03 3.831865787506e-01
3.217862548828e+03 3.808749616146e-01
3.210571289062e+03 3.796499073505e-01
3.203280029297e+03 3.812187016010e-01
3.195988525391e+03 3.849567770958e-01
3.188697265625e+03 3.798534870148e-01
3.181406005859e+03 3.788455724716e-01
3.174114501953e+03 3.780745565891e-01
3.166823242188e+03 3.831084668636e-01
3.159531738281e+03 3.759363591671e-01
3.152240478516e+03 3.751645088196e-01
3.144949218750e+03 3.855873346329e-01
3.137657714844e+03 3.771830499172e-01
3.130366455078e+03 3.802315890789e-01
3.123075195312e+03 3.828499019146e-01
3.115783691406e+03 3.793160021305e-01
3.108492431641e+03 3.810406625271e-01
3.101201171875e+03 3.827791512012e-01
3.093909667969e+03 3.779315650463e-01
3.086618408203e+03 3.772125542164e-01
3.079327148438e+03 3.787859678268e-01
3.072035644531e+03 3.802506923676e-01
3.064744384766e+03 3.850608170033e-01
3.057453125000e+03 3.811801671982e-01
3.050161621094e+03 3.777129054070e-01
3.042870361328e+03 3.853900730610e-01
3.035579101562e+03 3.833272457123e-01
3.028287597656e+03 3.814026117325e-01
3.020996337891e+03 3.804346323013e-01
3.013705078125e+03 3.817593157291e-01
3.006413574219e+03 3.796720504761e-01
2.999122314453e+03 3.878113329411e-01
2.991831054688e+03 3.810159265995e-01
2.984539550781e+03 3.797142505646e-01
2.977248291016e+03 3.829082250595e-01
2.969957031250e+03 3.830652534962e-01
2.962665527344e+03 3.823753595352e-01
2.955374267578e+03 3.832497596741e-01
2.948083007812e+03 3.833640217781e-01
2.940791503906e+03 3.762958049774e-01
2.933500244141e+03 3.795461952686e-01
2.926208984375e+03 3.791786134243e-01
2.918917480469e+03 3.762839734554e-01
2.911626220703e+03 3.771233260632e-01
2.904334960938e+03 3.765401840210e-01
2.897043457031e+03 3.773319423199e-01
2.889752197266e+03 3.824902176857e-01
2.882460937500e+03 3.793996870518e-01
2.875169433594e+03 3.785037696362e-01
2.867878173828e+03 3.819609582424e-01
2.860586914062e+03 3.811175823212e-01
2.853295410156e+03 3.845611810684e-01
2.846004150391e+03 3.827185928822e-01
2.838712890625e+03 3.838809132576e-01
2.831421386719e+03 3.816745877266e-01
2.824130126953e+03 3.906171023846e-01
2.816838867188e+03 3.740047514439e-01
2.809547363281e+03 3.806317150593e-01
2.802256103516e+03 3.862931132317e-01
2.794964843750e+03 3.795187175274e-01
2.787673339844e+03 3.790007829666e-01
2.780382080078e+03 3.822770118713e-01
2.773090820312e+03 3.787770569324e-01
2.765799316406e+03 3.786347210407e-01
2.758508056641e+03 3.819131851196e-01
2.751216796875e+03 3.798084259033e-01
2.743925292969e+03 3.759155571461e-01
2.736634033203e+03 3.772362470627e-01
2.729342773438e+03 3.746471405029e-01
2.722051269531e+03 3.809114098549e-01
2.714760009766e+03 3.810830712318e-01
2.707468750000e+03 3.773200809956e-01
2.700177246094e+03 3.866272270679e-01
2.692885986328e+03 3.826762437820e-01
2.685594726562e+03 3.817905187607e-01
2.678303222656e+03 3.807219564915e-01
2.671011962891e+03 3.802016675472e-01
2.663720703125e+03 3.811046481133e-01
2.656429199219e+03 3.768309652805e-01
2.649137939453e+03 3.816630542278e-01
2.641846679688e+03 3.791686296463e-01
2.634555175781e+03 3.832238912582e-01
2.627263916016e+03 3.890554904938e-01
2.619972656250e+03 3.853142559528e-01
2.612681152344e+03 3.831711411476e-01
2.605389892578e+03 3.829840123653e-01
2.598098632812e+03 3.849331736565e-01
2.590807128906e+03 3.760311901569e-01
2.583515869141e+03 3.787920773029e-01
2.576224609375e+03 3.791359663010e-01
2.568933105469e+03 3.808069229126e-01
2.561641845703e+03 3.839530944824e-01
2.554350585938e+03 3.748116493225e-01
2.547059082031e+03 3.801097869873e-01
2.539767822266e+03 3.880001008511e-01
2.532476562500e+03 3.841267526150e-01
2.525185058594e+03 3.811947405338e-01
2.517893798828e+03 3.835804462433e-01
2.510602539062e+03 3.867749571800e-01
2.503311035156e+03 3.860004246235e-01
2.496019775391e+03 3.801291882992e-01
2.488728515625e+03 3.872618973255e-01
2.481437011719e+03 3.855067491531e-01
2.474145751953e+03 3.772612810135e-01
2.466854492188e+03 3.814786970615e-01
2.459562988281e+03 3.822783231735e-01
2.452271728516e+03 3.881931304932e-01
2.444980468750e+03 3.809812366962e-01
2.437688964844e+03 3.767306804657e-01
2.430397705078e+03 3.854493498802e-01
2.423106445312e+03 3.807011544704e-01
2.415814941406e+03 3.817811608315e-01
2.408523681641e+03 3.791995346546e-01
2.401232421875e+03 3.821884691715e-01
2.393940917969e+03 3.725274503231e-01
2.386649658203e+03 3.808870315552e-01
2.379358398438e+03 3.834902644157e-01
2.372066894531e+03 3.781289160252e-01
2.364775634766e+03 3.778381049633e-01
2.357484375000e+03 3.777612745762e-01
2.350192871094e+03 3.830497562885e-01
2.342901611328e+03 3.839215040207e-01
2.335610351562e+03 3.801242411137e-01
2.328318847656e+03 3.835998177528e-01
2.321027587891e+03 3.804735839367e-01
2.313736328125e+03 3.815830349922e-01
2.306444824219e+03 3.767606914043e-01
2.299153564453e+03 3.837281167507e-01
2.291862304688e+03 3.708344101906e-01
2.284570800781e+03 3.783576190472e-01
2.277279541016e+03 3.852805197239e-01
2.269988281250e+03 3.814775943756e-01
2.262696777344e+03 3.810302317142e-01
2.255405517578e+03 3.781522512436e-01
2.248114257812e+03 3.803394734859e-01
2.240822753906e+03 3.801493942738e-01
2.233531494141e+03 3.824498951435e-01
2.226240234375e+03 3.804333806038e-01
2.218948730469e+03 3.851217031479e-01
2.211657470703e+03 3.815156817436e-01
2.204365966797e+03 3.814502954483e-01
2.197074707031e+03 3.824700117111e-01
2.189783447266e+03 3.771866261959e-01
2.182491943359e+03 3.875257670879e-01
2.175200683594e+03 3.817416429520e-01
2.167909423828e+03 3.830970823765e-01
2.160617919922e+03 3.755188286304e-01
2.153326660156e+03 3.781745433807e-01
2.146035400391e+03 3.815231621265e-01
2.138743896484e+03 3.793826401234e-01
2.131452636719e+03 3.844367861748e-01
2.124161376953e+03 3.832376897335e-01
2.116869873047e+03 3.767961263657e-01
2.109578613281e+03 3.740502595901e-01
2.102287353516e+03 3.820371031761e-01
2.094995849609e+03 3.813830018044e-01
2.087704589844e+03 3.852091431618e-01
2.080413330078e+03 3.682456612587e-01
2.073121826172e+03 3.798271119595e-01
2.065830566406e+03 3.870077431202e-01
2.058539306641e+03 3.808638751507e-01
2.051247802734e+03 3.797399401665e-01
2.043956542969e+03 3.803838789463e-01
2.036665283203e+03 3.829425573349e-01
2.029373901367e+03 3.785918951035e-01
2.022082519531e+03 3.751537799835e-01
2.014791259766e+03 3.772605061531e-01
2.007499877930e+03 3.892554342747e-01
2.000208496094e+03 3.809325397015e-01
1.992917236328e+03 3.758276104927e-01
1.985625854492e+03 3.783012628555e-01
1.978334472656e+03 3.740990161896e-01
1.971043212891e+03 3.744212090969e-01
1.963751831055e+03 3.756697475910e-01
1.956460449219e+03 3.876793682575e-01
1.949169067383e+03 3.754086196423e-01
1.941877807617e+03 3.803720176220e-01
1.934586425781e+03 3.808529376984e-01
1.927295043945e+03 3.804354071617e-01
1.920003784180e+03 3.834173977375e-01
1.912712402344e+03 3.753630816936e-01
1.905421020508e+03 3.791705071926e-01
1.898129760742e+03 3.820632398129e-01
1.890838378906e+03 3.753887414932e-01
1.883546997070e+03 3.693156838417e-01
1.876255737305e+03 3.776771426201e-01
1.868964355469e+03 3.785231113434e-01
1.861672973633e+03 3.817072212696e-01
1.854381713867e+03 3.823557198048e-01
1.847090332031e+03 3.840802609921e-01
1.839798950195e+03 3.799887895584e-01
1.832507690430e+03 3.844273984432e-01
1.825216308594e+03 3.806942999363e-01
1.817924926758e+03 3.833163380623e-01
1.810633666992e+03 3.796760141850e-01
1.803342285156e+03 3.824181258678e-01
1.796050903320e+03 3.834454119205e-01
1.788759643555e+03 3.805701136589e-01
1.781468261719e+03 3.829784691334e-01
1.774176879883e+03 3.768082857132e-01
1.766885620117e+03 3.751521110535e-01
1.759594238281e+03 3.742920458317e-01
1.752302856445e+03 3.782013058662e-01
