#title: Spectral profile - J0241-0815.ContLine.SPW3.clean.image-raster
#region (world): Point[[02:41:04.798, -08d15m20.751]]
#region (pixel): Point[[64, 64]]
#coordinate: world
#xLabel: frequency [GHz]
#yLabel: [Jy/beam] Mean

# J0241-0815.ContLine.SPW3.clean.image-raster
3.192809448242e+02 3.880711495876e-01
3.192887573242e+02 3.821576237679e-01
3.192965698242e+02 3.804923295975e-01
3.193043823242e+02 3.822110891342e-01
3.193121948242e+02 3.878632187843e-01
3.193200073242e+02 3.869195580482e-01
3.193278198242e+02 3.734043538570e-01
3.193356628418e+02 3.824636042118e-01
3.193434753418e+02 3.806349635124e-01
3.193512878418e+02 3.792251646519e-01
3.193591003418e+02 3.764178454876e-01
3.193669128418e+02 3.868927359581e-01
3.193747253418e+02 3.841163218021e-01
3.193825378418e+02 3.860599696636e-01
3.193903503418e+02 3.834204971790e-01
3.193981628418e+02 3.859089910984e-01
3.194059753418e+02 3.859024047852e-01
3.194137878418e+02 3.874498605728e-01
3.194216003418e+02 3.838880956173e-01
3.194294128418e+02 3.779851496220e-01
3.194372253418e+02 3.832711875439e-01
3.194450378418e+02 3.867329955101e-01
3.194528503418e+02 3.814029991627e-01
3.194606628418e+02 3.861967027187e-01
3.194684753418e+02 3.856210112572e-01
3.194762878418e+02 3.858283460140e-01
3.194841003418e+02 3.863826990128e-01
3.194919128418e+02 3.890123963356e-01
3.194997253418e+02 3.820417821407e-01
3.195075378418e+02 4.014806449413e-01
3.195153503418e+02 3.843190073967e-01
3.195231628418e+02 3.988236784935e-01
3.195309753418e+02 4.002684354782e-01
3.195387878418e+02 4.003922045231e-01
3.195466003418e+02 3.997933566570e-01
3.195544128418e+02 3.924813866615e-01
3.195622253418e+02 3.932773172855e-01
3.195700378418e+02 4.076496362686e-01
3.195778503418e+02 4.148149788380e-01
3.195856628418e+02 4.171317815781e-01
3.195934753418e+02 4.137723445892e-01
3.196012878418e+02 4.199392497540e-01
3.196091003418e+02 4.093739986420e-01
3.196169128418e+02 4.144304394722e-01
3.196247253418e+02 4.117138087749e-01
3.196325378418e+02 4.144216179848e-01
3.196403503418e+02 4.141856133938e-01
3.196481628418e+02 4.269202351570e-01
3.196559753418e+02 4.218836426735e-01
3.196637878418e+02 4.149384796619e-01
3.196716003418e+02 4.187982082367e-01
3.196794128418e+02 4.095584452152e-01
3.196872253418e+02 4.137971103191e-01
3.196950378418e+02 4.125436842442e-01
3.197028503418e+02 4.085240364075e-01
3.197106628418e+02 4.092705249786e-01
3.197184753418e+02 4.103497564793e-01
3.197262878418e+02 4.116756320000e-01
3.197341003418e+02 4.101991057396e-01
3.197419128418e+02 4.030186831951e-01
3.197497253418e+02 4.083546996117e-01
3.197575378418e+02 4.014513790607e-01
3.197653503418e+02 4.144289195538e-01
3.197731628418e+02 4.181051254272e-01
3.197809753418e+02 4.304783344269e-01
3.197887878418e+02 4.483169019222e-01
3.197966003418e+02 4.508834183216e-01
3.198044128418e+02 4.382031857967e-01
3.198122253418e+02 4.198578596115e-01
3.198200378418e+02 4.149338006973e-01
3.198278503418e+02 4.088151156902e-01
3.198356628418e+02 4.008557200432e-01
3.198434753418e+02 3.933688104153e-01
3.198512878418e+02 3.969239592552e-01
3.198591003418e+02 3.869211673737e-01
3.198669128418e+02 3.815293014050e-01
3.198747253418e+02 3.883649110794e-01
3.198825378418e+02 3.843517601490e-01
3.198903503418e+02 3.793259263039e-01
3.198981628418e+02 3.770600259304e-01
3.199059753418e+02 3.806645274162e-01
3.199137878418e+02 3.738567531109e-01
3.199216003418e+02 3.841916918755e-01
3.199294128418e+02 3.689655959606e-01
3.199372253418e+02 3.962914049625e-01
3.199450378418e+02 3.798308074474e-01
3.199528503418e+02 3.866082429886e-01
3.199606628418e+02 3.760167360306e-01
3.199684753418e+02 3.714281022549e-01
3.199762878418e+02 3.825611472130e-01
3.199841003418e+02 3.821594417095e-01
3.199919128418e+02 3.824017941952e-01
3.199997253418e+02 3.872850835323e-01
3.200075378418e+02 3.935989737511e-01
3.200153503418e+02 3.811196088791e-01
3.200231628418e+02 3.821902275085e-01
3.200309753418e+02 3.905153274536e-01
3.200387878418e+02 3.787118196487e-01
3.200466003418e+02 3.775365054607e-01
3.200544128418e+02 3.764535784721e-01
3.200622253418e+02 3.810575604439e-01
3.200700378418e+02 3.798469901085e-01
3.200778503418e+02 3.765112459660e-01
3.200856628418e+02 3.892872333527e-01
3.200934753418e+02 3.807122707367e-01
3.201012878418e+02 3.729727864265e-01
3.201091003418e+02 3.819060325623e-01
3.201169128418e+02 3.750649392605e-01
3.201247253418e+02 3.868067860603e-01
3.201325378418e+02 3.793520033360e-01
3.201403503418e+02 3.784998357296e-01
3.201481628418e+02 3.847168385983e-01
3.201559753418e+02 3.803903460503e-01
3.201637878418e+02 3.766803443432e-01
3.201716003418e+02 3.849711120129e-01
3.201794128418e+02 3.763929009438e-01
3.201872253418e+02 3.791211247444e-01
3.201950378418e+02 3.818804025650e-01
3.202028503418e+02 3.691745400429e-01
3.202106628418e+02 3.790317773819e-01
3.202184753418e+02 3.841833770275e-01
3.202262878418e+02 3.852640092373e-01
3.202341003418e+02 3.863567709923e-01
3.202419128418e+02 3.752582967281e-01
3.202497253418e+02 3.824511468410e-01
3.202575378418e+02 3.832646906376e-01
3.202653503418e+02 3.801636695862e-01
3.202731628418e+02 3.689927458763e-01
3.202809753418e+02 3.785926103592e-01
3.202887878418e+02 3.790082633495e-01
3.202966003418e+02 3.810247778893e-01
3.203044128418e+02 3.781794905663e-01
3.203122253418e+02 3.694820404053e-01
3.203200378418e+02 3.762076795101e-01
3.203278503418e+02 3.808003067970e-01
3.203356628418e+02 3.869032263756e-01
3.203434753418e+02 3.772748410702e-01
3.203512878418e+02 3.844535648823e-01
3.203591003418e+02 3.822878599167e-01
3.203669128418e+02 3.728341460228e-01
3.203747253418e+02 3.833892047405e-01
3.203825378418e+02 3.867950141430e-01
3.203903503418e+02 3.772994577885e-01
3.203981628418e+02 3.774138092995e-01
3.204059753418e+02 3.784259855747e-01
3.204137878418e+02 3.867484331131e-01
3.204216003418e+02 3.778668642044e-01
3.204294128418e+02 3.816361427307e-01
3.204372253418e+02 3.832282125950e-01
3.204450378418e+02 3.804121315479e-01
3.204528503418e+02 3.841235339642e-01
3.204606628418e+02 3.833408951759e-01
3.204684753418e+02 3.794630467892e-01
3.204762878418e+02 3.785998225212e-01
3.204841003418e+02 3.769887387753e-01
3.204919128418e+02 3.887351453304e-01
3.204997253418e+02 3.799012005329e-01
3.205075378418e+02 3.850210607052e-01
3.205153503418e+02 3.822601735592e-01
3.205231628418e+02 3.750785887241e-01
3.205309753418e+02 3.795311152935e-01
3.205387878418e+02 3.841799795628e-01
3.205466003418e+02 3.733578324318e-01
3.205544128418e+02 3.888743519783e-01
3.205622253418e+02 3.800258040428e-01
3.205700378418e+02 3.798980712891e-01
3.205778503418e+02 3.794307112694e-01
3.205856628418e+02 3.870820701122e-01
3.205934753418e+02 3.702652156353e-01
3.206012878418e+02 3.717759847641e-01
3.206091003418e+02 3.739748895168e-01
3.206169128418e+02 3.819008767605e-01
3.206247253418e+02 3.737498819828e-01
3.206325378418e+02 3.852795064449e-01
3.206403503418e+02 3.831177055836e-01
3.206481628418e+02 3.693025112152e-01
3.206559753418e+02 3.778535425663e-01
3.206637878418e+02 3.832231163979e-01
3.206716003418e+02 3.861396312714e-01
3.206794128418e+02 3.793335556984e-01
3.206872253418e+02 3.714058697224e-01
3.206950378418e+02 3.822911083698e-01
3.207028503418e+02 3.742291927338e-01
3.207106628418e+02 3.697192668915e-01
3.207184753418e+02 3.783549964428e-01
3.207262878418e+02 3.657039999962e-01
3.207341003418e+02 3.660089671612e-01
3.207419128418e+02 3.750359714031e-01
3.207497253418e+02 3.819611966610e-01
3.207575378418e+02 3.695510625839e-01
3.207653503418e+02 3.793152868748e-01
3.207731628418e+02 3.723868727684e-01
3.207809753418e+02 3.766808211803e-01
3.207887878418e+02 3.664036095142e-01
3.207966003418e+02 3.695163130760e-01
3.208044128418e+02 3.789778053761e-01
3.208122253418e+02 3.768466711044e-01
3.208200378418e+02 3.755237758160e-01
3.208278503418e+02 3.827783167362e-01
3.208356628418e+02 3.738657236099e-01
3.208434753418e+02 3.882260918617e-01
3.208512878418e+02 3.722755312920e-01
3.208591003418e+02 3.787457644939e-01
3.208669128418e+02 3.785725831985e-01
3.208747253418e+02 3.767688274384e-01
3.208825378418e+02 3.779773414135e-01
3.208903503418e+02 3.828382194042e-01
3.208981628418e+02 3.755556344986e-01
3.209059753418e+02 3.775449097157e-01
3.209137878418e+02 3.657618463039e-01
3.209216003418e+02 3.671937286854e-01
3.209294128418e+02 3.744770288467e-01
3.209372253418e+02 3.780184090137e-01
3.209450378418e+02 3.767278492451e-01
3.209528503418e+02 3.911324441433e-01
3.209606628418e+02 3.819729089737e-01
3.209684753418e+02 3.731611967087e-01
3.209762878418e+02 3.772783279419e-01
3.209841003418e+02 3.774310350418e-01
3.209919128418e+02 3.840438425541e-01
3.209997253418e+02 3.809677064419e-01
3.210075378418e+02 3.802980482578e-01
3.210153503418e+02 3.732645511627e-01
3.210231628418e+02 3.676286339760e-01
3.210309753418e+02 3.755651414394e-01
3.210387878418e+02 3.734528422356e-01
3.210466003418e+02 3.704448640347e-01
3.210544128418e+02 3.770535886288e-01
3.210622253418e+02 3.730159103870e-01
3.210700378418e+02 3.729074597359e-01
3.210778503418e+02 3.767046630383e-01
3.210856628418e+02 3.702836334705e-01
3.210934753418e+02 3.752940297127e-01
3.211012878418e+02 3.810054957867e-01
3.211091003418e+02 3.733799755573e-01
3.211169128418e+02 3.778076767921e-01
3.211247253418e+02 3.836418390274e-01
3.211325378418e+02 3.682644665241e-01
3.211403503418e+02 3.749820590019e-01
3.211481628418e+02 3.734284341335e-01
